Código,Nome,Qtd,Custo,Total,Total
000001,Pote1L-Creme,56,896,896,100
000002,Pote1L-AbacaxiaoLeite,149,2682,2682,100
000003,Pote1L-Crocante,135,2430,2430,100
000004,Pote1L-Coco,77,1386,1386,100
000005,Pote1L-PassasaoRum,79,1422,1422,100
000006,Pote1L-Morango,95,1710,1710,100
000007,Pote1L-Milho,34,544,544,100
000008,Pote2L-Creme,73,1898,1898,100
000009,Pote2L-AbacaxiaoLeite,65,1820,1820,100
000010,Pote2L-Crocante,53,1484,1484,100
000011,Pote2L-PassasaoRum,25,700,700,100
000012,Pote2L-Coco,31,868,868,100
000013,Pote2L-Morango,64,1792,1792,100
000014,Pote2L-Milho,15,390,390,100
000015,Pote1L-Flocos,232,4640,4640,100
000016,Pote1L-MeioAmargo,107,2140,2140,100
000017,Pote1L-Chocoflocos,219,4380,4380,100
000018,Pote1L-Laka,216,4340,4340,100
000019,Pote1L-Chocomenta,46,920,920,100
000020,Pote1L-Pistache,93,1860,1860,100
000021,Pote1L-Lambada,47,940,940,100
000022,Pote2L-Flocos,193,5790,5790,100
000023,Pote2L-MeioAmargo,30,900,900,100
000024,Pote2L-Chocoflocos,178,5340,5340,100
000025,Pote2L-Laka,151,4530,4530,100
000026,Pote2L-Chocomenta,18,540,540,100
000027,Pote2L-Pistache,37,1110,1110,100
000028,Pote2L-Lambada,23,690,690,100
000029,Pote1L-Uva,8,128,128,100
000030,Pote1L-BlueIce,18,288,288,100
000031,Pote1L-LimãoEspecial,8,160,160,100
000032,Pote1L-MaracujáEspecial,10,200,200,100
000034,PoteAçaí1L,68,1700,1700,100
000035,HotDogSimples,308,3080,3080,100
000036,HotDogBatataeMilho,356,4272,4272,100
000037,HotDogCompleto,456,6840,6840,100
000038,MilkShakePequeno300mL,495,5447,5447,100
000039,MilkShakeMédio400mL,623,8099,8099,100
000040,MilkShakeGrande500mL,348,5220,5220,100
000041,MilkShakeAçaíPequeno300mL,1,11,11,100
000042,MilkShakeMédioAçaí400mL,4,52,52,100
000043,MilkShakeAçaíGrande,4,60,60,100
000046,AdicionaisMilkShake,42,168,168,100
000047,AçaínatigelaP,23,345,345,100
000048,AçaínatigelaG,20,400,400,100
000049,PicoléTradicional,3637,9092.50,9092.50,100
000050,PicoléEspecial,671,3355,3355,100
000051,BananaSplit,7,196,196,100
000052,PavêdeSorvete,286,3575,3575,100
000053,Gatorade,8,48,48,100
000054,ÁguasemGás500ml,670,1675,1675,100
000055,Água1LCrystal,67,268,268,100
000056,DelValleLata290ml,25,100,100,100
000057,CocaColamini220ml,127,317.50,317.50,100
000058,CocaCola600ml,93,651,651,100
000060,SpriteLemonFresh510ml,9,38,38,100
000061,H2OH500ml,23,133,133,100
000064,EnergéticoMonster473ml,32,320,320,100
000065,RedBullLata250ml,6,60,60,100
000066,Itubaína/Gengibirra2L,55,360,360,100
000067,CocaCola2L,89,1035,1035,100
000068,ÁguacomGás510mL,132,528,528,100
000069,ÁguadeCoco200mL,2,7,7,100
000070,Copinho1Bola,210,1260,1260,100
000071,Copinho2Bolas,358,3580,3580,100
000072,Casquinha1Bola,218,1308,1308,100
000073,Casquinha2Bolas,26,234,234,100
000074,Cascão1Bola,146,949,949,100
000075,Cascão2Bolas,479,4790,4790,100
000076,Cestinha1Bola,17,12750,12750,100
000077,Cestinha2Bolas,111,1165.50,1165.50,100
000078,BoloP-1kg,42,2520,2520,100
000079,BoloG-2kg,22,1980,1980,100
000080,CocaCocaLata350ml,118,590,590,100
000081,FantaLaranja/Uva,16,80,80,100
000082,GuaranáLata350mL,23,115,115,100
000083,SchweppesLata350mL,15,75,75,100
000085,CoberturaChocolate300g,25,250,250,100
000086,CoberturaMorango300g,14,140,140,100
000087,CoberturaCaramelo300g,16,160,160,100
000088,UnidadeCascão,1032,722.40,722.40,100
000089,UnidadeCasquinha,1600,560,560,100
000090,UnidadeCestinha,128,76.80,76.80,100
000091,Isopor12bolas,12,384,384,100
000092,Isopor4bolas,30,480,480,100
000094,Isopor8bolas,25,625,625,100
000095,Isopor18bolas,24,960,960,100
000096,SorveteporPeso,2832,63736.41,63736.41,100
000097,UnidadeSalsicha,73,109.50,109.50,100
000101,Diet,202,1616,1616,100
000104,FiniUnidade,45,1575,1575,100
000106,Diploko,140,350,350,100
000107,Trident,67,16750,16750,100
000108,Halls,37,74,74,100
000110,PirulitoBigBig,159,79.50,79.50,100
000111,PirulitoBlong,42,42,42,100
000113,M&Ms,28,112,112,100
000114,Paçoquita,40,28,28,100
000115,Dipnlik,105,105,105,100
000116,Plutonita,56,1960,1960,100
000117,Pote1L-Ninho,54,1080,1080,100
000118,Combo1-Segunda-Feira,103,1802.50,1802.50,100
000119,Combo2-Terça-Feira,43,989,989,100
000120,Combo3-Quarta-Feira,37,477.30,477.30,100
000121,Combo4-Quinta-Feira,30,537,537,100
000128,CopinhoIsopor,1,050,050,100
000130,Fandangos,1,250,250,100
000134,Cebolitos31gr,3,9,9,100
000135,Doritos48gr,3,15,15,100
000136,Ruffles37gr,12,55,55,100
000137,Cheetos37gr,2,6,6,100
000138,Cheetos140gr,2,20,20,100
000139,Fandangos140gr,1,10,10,100
000140,Baconzitos103gr,2,20,20,100
000142,Pingod'ouro,1,2.50,2.50,100
000144,Bubbaloo,52,18.20,18.20,100
000145,PirulitoCoração,34,17,17,100
000147,Amendoim-Sempele,2,2,2,100
000148,BombomOuroBranco,17,25.50,25.50,100
000149,BombomSonhodeValsa,27,40.50,40.50,100
000157,PaçocaDaniMédia,90,63,63,100
000158,Tônica,12,60,60,100
000159,Pote2L-Ninho,29,870,870,100
000161,Isoporunidade(8bolas),2,6,6,100
000162,Isoporunidade(12bolas),2,8,8,100
000163,Isoporunidade(18bolas),4,20,20,100
000164,Xclémini,55,82.50,82.50,100
000165,AçaíPolpaNorte200g,18,180,180,100
000169,Lacta-Laka20g,1,2,2,100
000174,AdicionaisMilkShakeChantilly,6,12,12,100
000175,Chicletesdefrutasfini,153,53.25,53.25,100
000176,Canudobiscoito,100,15,15,100
000177,Sundae,4,68,68,100
000181,Combo5-SegundaaSexta-feira,66,1155,1155,100
000184,Ruffles145g,1,14,14,100
000188,Caféexpresso,3,1350,1350,100
000191,catupiryoucheddar,14,42,42,100
000192,BatataouMilho,7,14,14,100
000193,Adicional-OvomaltineLeiteempó,12,36,36,100
000194,Cebolitos110g,4,40,40,100
000196,Bolo1kg-MousseeNinhocommorango,3,195,195,100
000197,Bolo2kg-MousseeNinhocommorango,2,190,190,100
000198,PetitGateau,8,160,160,100
000199,OvinhosdeAmendoim65g,5,20,20,100
000200,Sucodelaranja,8,56,56,100
000201,doritos140g,2,24,24,100
